11
8.1965938916 1.05941436485 4
0.976733980878 5.46486510328 4
2.90687761129 3.32502063366 4
9.69945651532 9.6111127153 4
9.74182691861 9.11262984798 0
0.284303498685 6.11377645118 0
1.33365578189 4.35918446671 0
3.89504562979 3.16272503648 0
1.60836119079 4.87638098347 0
4.51799841566 3.86628472124 0
5.32933470242 7.7682411554
0 1 8.45779955657
0 2 5.75448260849
0 3 8.68274960729
0 4 8.20012345794
0 5 9.38887188972
0 6 7.61501163642
0 7 4.78823905315
0 8 7.61406883917
0 9 4.62715742904
0 10 7.29585719183
1 2 2.88173364283
1 3 9.65801520361
1 4 9.49384231171
1 5 0.948970974321
1 6 1.16186179993
1 7 3.71704072716
1 8 0.863288185702
1 9 3.88535880389
1 10 4.92449736305
2 3 9.25494904504
2 4 8.95616840235
2 5 3.82819199961
2 6 1.8826900324
2 7 1.00140695706
2 8 2.02308275394
2 9 1.6996108551
2 10 5.06068246022
3 4 0.5002803415
3 5 10.0437277577
3 6 9.87772100435
3 7 8.67599500833
3 8 9.37462042555
3 9 7.73631415597
3 10 4.74279877771
4 5 9.92158610978
4 6 9.65880866655
4 7 8.34183545182
4 8 9.17055446457
4 9 7.40354789388
4 10 4.61275064518
5 6 2.04443959222
5 7 4.66327815914
5 8 1.8122572432
5 9 4.7932652468
5 10 5.30938728143
6 7 2.82705378815
6 8 0.585623854217
6 9 3.2222644473
6 10 5.2523440046
7 8 2.85754132572
7 9 0.939716129185
7 10 4.82368778691
8 9 3.07998104529
8 10 4.71258942921
9 10 3.98541473178
