11
3.06005183734 1.51354261323 0
6.03611284553 3.21718455853 0
5.69286098382 4.25331362145 4
2.05990055352 3.30475757871 0
3.34407934113 2.83080518917 4
3.48934017937 5.51931298648 0
3.87760708876 2.62560186119 4
2.3206085947 2.75001017227 0
1.22752090766 5.21141314203 4
3.12930126178 4.07929709501 0
4.86972120814 9.75385501658
0 1 3.42918867989
0 2 3.79974067264
0 3 2.05152471178
0 4 1.34753564586
0 5 4.02870757983
0 6 1.38024358723
0 7 1.44070411037
0 8 4.12703477765
0 9 2.56668882873
0 10 8.43668487834
1 2 1.09150596682
1 3 3.97717653933
1 4 2.71962008484
1 5 3.43305204037
1 6 2.23810571462
1 7 3.74475950431
1 8 5.20571840078
1 9 3.0319616767
1 10 6.63991943693
2 3 3.75475166347
2 4 2.74596166123
2 5 2.54131035647
2 6 2.43815345662
2 7 3.69215484998
2 8 4.5669701868
2 9 2.56945912595
2 10 5.56179060464
3 4 1.36884843065
3 5 2.63582118097
3 6 1.94044055227
3 7 0.612954621224
3 8 2.08043055929
3 9 1.32042770992
3 10 7.03462506992
4 5 2.69242917963
4 6 0.571629480789
4 7 1.02665486097
4 8 3.18545347283
4 9 1.26683134723
4 10 7.08916088259
5 6 2.91964300379
5 7 3.00582294785
5 8 2.28268016422
5 9 1.48434288151
5 10 4.45385203944
6 7 1.56196086327
6 8 3.70261755349
6 9 1.63498973805
6 10 7.19696348978
7 8 2.69320353317
7 9 1.55595229771
7 10 7.45330917909
8 9 2.21324541324
8 10 5.8223192297
9 10 5.93545863392
