11
3.00717524016 1.63616523577 0
0.687694944564 0.11356532444 4
5.49347381309 1.28054978403 0
8.37521667269 8.15904251748 4
7.57530465992 4.19077161113 0
7.09531681068 8.62584564047 0
3.86560642702 8.55047653525 4
5.42995566729 4.48195794329 0
8.28716339849 8.18857633528 0
6.36638542976 3.30802658378 4
8.10053895851 6.96131715259
0 1 2.77458092901
0 2 2.5116016689
0 3 8.44770956257
0 4 5.23391059617
0 5 8.09743994486
0 6 6.96739584412
0 7 3.73743242511
0 8 8.41500838794
0 9 3.75225445098
0 10 7.36882601943
1 2 4.94543863192
1 3 11.1277892496
1 4 8.00392270673
1 5 10.6544138346
1 6 9.01557497719
1 7 6.44762675988
1 8 11.0886303756
1 9 6.51552824904
1 10 10.0916778325
2 3 7.45775463481
2 4 3.57818540014
2 5 7.51793004807
2 6 7.44995216056
2 7 3.20203821917
2 8 7.45154563379
2 9 2.2074050068
2 10 6.25043251049
3 4 4.04809006993
3 5 1.36236882393
3 6 4.52656659712
3 7 4.71121145308
3 8 0.0928742455815
3 9 5.25050079055
3 10 1.22881808921
4 5 4.46097186509
4 6 5.72441158588
4 7 2.16502004153
4 8 4.06068780825
4 9 1.49690496972
4 10 2.81989249187
5 6 3.2305896775
5 7 4.46600861898
5 8 1.26952854797
5 9 5.36754510721
5 10 1.94451193194
6 7 4.35890262321
6 8 4.43634284143
6 9 5.80837129618
6 10 4.52328211477
7 8 4.68002734213
7 9 1.50167091498
7 10 3.64406877049
8 9 5.24491695664
8 10 1.24136770664
9 10 4.04398571232
