11
4 5 4
8 0 0
0 3 0
10 4 0
3 1 4
5 4 4
0 5 0
2 10 0
1 2 0
5 4 4
1 8
0 1 6.40312423743
0 2 4.472135955
0 3 6.0827625303
0 4 4.12310562562
0 5 1.41421356237
0 6 4.0
0 7 5.38516480713
0 8 4.24264068712
0 9 1.41421356237
0 10 4.24264068712
1 2 8.54400374532
1 3 4.472135955
1 4 5.09901951359
1 5 5.0
1 6 9.43398113206
1 7 11.6619037897
1 8 7.28010988928
1 9 5.0
1 10 10.6301458127
2 3 10.0498756211
2 4 3.60555127546
2 5 5.09901951359
2 6 2.0
2 7 7.28010988928
2 8 1.41421356237
2 9 5.09901951359
2 10 5.09901951359
3 4 7.61577310586
3 5 5.0
3 6 10.0498756211
3 7 10.0
3 8 9.21954445729
3 9 5.0
3 10 9.8488578018
4 5 3.60555127546
4 6 5.0
4 7 9.05538513814
4 8 2.2360679775
4 9 3.60555127546
4 10 7.28010988928
5 6 5.09901951359
5 7 6.7082039325
5 8 4.472135955
5 9 0.0
5 10 5.65685424949
6 7 5.38516480713
6 8 3.16227766017
6 9 5.09901951359
6 10 3.16227766017
7 8 8.0622577483
7 9 6.7082039325
7 10 2.2360679775
8 9 4.472135955
8 10 6.0
9 10 5.65685424949
