11
3.94335490869 8.72726445583 0
2.35077884216 3.23284238863 0
6.56258178796 1.77529214209 0
3.63814555567 5.42932565341 0
1.09169517152 0.235883491801 0
2.21756791965 8.34414102389 4
0.048368957083 8.7368946216 0
5.97030945073 4.72971671182 4
0.463615026572 3.47793793381 4
8.51691517813 6.27937000249 4
4.39588581706 5.0028398087
0 1 5.72057447992
0 2 7.42901531134
0 3 3.31203156593
0 4 8.95742786368
0 5 1.76780210874
0 6 3.89499785665
0 7 4.48206790234
0 8 6.29793764514
0 9 5.18745031714
0 10 3.75181598365
1 2 4.45687522548
1 3 2.54594811171
1 4 3.25070058894
1 5 5.11303421548
1 6 5.96621171785
1 7 3.91683986982
1 8 1.90301316157
1 9 6.87768622546
1 10 2.70469100007
2 3 4.68020172414
2 4 5.68334227041
2 5 7.87584415461
2 6 9.53409030211
2 7 3.01320610972
2 8 6.33217168502
2 9 4.90980003386
2 10 3.88736869497
3 4 5.7841378826
3 5 3.24255909182
3 6 4.88124046807
3 7 2.43483903053
3 8 3.72633306514
3 9 4.95226901778
3 10 0.869517383073
4 5 8.18605091919
4 6 8.56479537518
4 7 6.63290391116
4 8 3.30233276237
4 9 9.57379868973
4 10 5.80013347685
5 6 2.20446808271
5 7 5.21029098101
5 8 5.17264760688
5 9 6.62910667087
5 10 3.98865424332
6 7 7.15030446981
6 8 5.27532508404
6 9 8.81791938903
6 10 5.7309744541
7 8 5.64717925961
7 9 2.98104445658
7 10 1.59793804771
8 9 8.52664441422
8 10 4.21759164663
9 10 4.31421051068
